    -9.80000      0.00000
    -9.40000      0.00000
    -9.00000      0.00000
    -8.60000      0.00000
    -8.20000      0.00000
    -7.80000      1.25000
    -7.40000      2.50000
    -7.00000      2.50000
    -6.60000      7.50000
    -6.20000     11.25000
    -5.80000     37.50000
    -5.40000     51.25000
    -5.00000     50.00000
    -4.60000    105.00000
    -4.20000    132.50000
    -3.80000    162.50000
    -3.40000    223.75000
    -3.00000    213.75000
    -2.60000    296.25000
    -2.20000    315.00000
    -1.80000    333.75000
    -1.40000    323.75000
    -1.00000    358.75000
    -0.60000    316.25000
    -0.20000    285.00000
     0.20000    273.75000
     0.60000    295.00000
     1.00000    348.75000
     1.40000    310.00000
     1.80000    303.75000
     2.20000    291.25000
     2.60000    280.00000
     3.00000    225.00000
     3.40000    185.00000
     3.80000    156.25000
     4.20000    120.00000
     4.60000    108.75000
     5.00000     70.00000
     5.40000     58.75000
     5.80000     18.75000
     6.20000     12.50000
     6.60000      7.50000
     7.00000      5.00000
     7.40000      1.25000
     7.80000      0.00000
     8.20000      0.00000
     8.60000      0.00000
     9.00000      1.25000
     9.40000      0.00000
     9.80000      0.00000
 after hadron evolution
    -9.80000      0.00000
    -9.40000      0.00000
    -9.00000      0.00000
    -8.60000      1.25000
    -8.20000      0.00000
    -7.80000      1.25000
    -7.40000      2.50000
    -7.00000      2.50000
    -6.60000      7.50000
    -6.20000     11.25000
    -5.80000     33.75000
    -5.40000     85.00000
    -5.00000     87.50000
    -4.60000    153.75000
    -4.20000    222.50000
    -3.80000    227.50000
    -3.40000    360.00000
    -3.00000    376.25000
    -2.60000    458.75000
    -2.20000    503.75000
    -1.80000    567.50000
    -1.40000    566.25000
    -1.00000    565.00000
    -0.60000    595.00000
    -0.20000    557.50000
     0.20000    583.75000
     0.60000    587.50000
     1.00000    551.25000
     1.40000    551.25000
     1.80000    533.75000
     2.20000    470.00000
     2.60000    471.25000
     3.00000    393.75000
     3.40000    300.00000
     3.80000    270.00000
     4.20000    182.50000
     4.60000    157.50000
     5.00000    113.75000
     5.40000     56.25000
     5.80000     30.00000
     6.20000     13.75000
     6.60000      8.75000
     7.00000      5.00000
     7.40000      1.25000
     7.80000      0.00000
     8.20000      2.50000
     8.60000      0.00000
     9.00000      1.25000
     9.40000      0.00000
     9.80000      0.00000
