 after hadron evolution
     0.02500    145.29362
     0.07500    105.60550
     0.12500    112.74582
     0.17500    173.50995
     0.22500     91.11423
     0.27500     71.55618
     0.32500     79.12601
     0.37500     74.88186
     0.42500     49.41846
     0.47500     25.91227
     0.52500     34.49089
     0.57500     18.63993
     0.62500     22.37620
     0.67500     17.04560
     0.72500     16.40389
     0.77500      4.01743
     0.82500      3.75905
     0.87500      3.59188
     0.97500      3.34273
     1.02500      6.52675
     1.12500      6.21885
     1.17500      9.05565
     1.27500      8.46962
     1.37500      7.93413
     1.57500      2.40482
     1.67500      2.31175
     2.12500      1.90231
