    -9.80000      0.00000
    -9.40000      0.00000
    -9.00000      0.00000
    -8.60000      0.00000
    -8.20000      0.00000
    -7.80000      0.00000
    -7.40000      0.00000
    -7.00000      0.00000
    -6.60000      0.00000
    -6.20000      0.00000
    -5.80000      1.25000
    -5.40000      5.00000
    -5.00000      8.75000
    -4.60000     13.75000
    -4.20000     17.50000
    -3.80000     18.75000
    -3.40000     48.75000
    -3.00000     38.75000
    -2.60000     76.25000
    -2.20000     67.50000
    -1.80000     83.75000
    -1.40000    101.25000
    -1.00000     78.75000
    -0.60000     81.25000
    -0.20000     68.75000
     0.20000     72.50000
     0.60000     73.75000
     1.00000     80.00000
     1.40000     48.75000
     1.80000     62.50000
     2.20000     57.50000
     2.60000     48.75000
     3.00000     41.25000
     3.40000     28.75000
     3.80000     22.50000
     4.20000     17.50000
     4.60000     20.00000
     5.00000      5.00000
     5.40000      5.00000
     5.80000      1.25000
     6.20000      1.25000
     6.60000      0.00000
     7.00000      0.00000
     7.40000      0.00000
     7.80000      0.00000
     8.20000      0.00000
     8.60000      0.00000
     9.00000      0.00000
     9.40000      0.00000
     9.80000      0.00000
 after hadron evolution
    -9.80000      0.00000
    -9.40000      0.00000
    -9.00000      0.00000
    -8.60000      0.00000
    -8.20000      0.00000
    -7.80000      0.00000
    -7.40000      0.00000
    -7.00000      0.00000
    -6.60000      0.00000
    -6.20000      1.25000
    -5.80000      1.25000
    -5.40000     17.50000
    -5.00000     26.25000
    -4.60000     57.50000
    -4.20000     73.75000
    -3.80000     71.25000
    -3.40000    116.25000
    -3.00000    148.75000
    -2.60000    190.00000
    -2.20000    192.50000
    -1.80000    217.50000
    -1.40000    248.75000
    -1.00000    261.25000
    -0.60000    281.25000
    -0.20000    258.75000
     0.20000    282.50000
     0.60000    285.00000
     1.00000    216.25000
     1.40000    230.00000
     1.80000    207.50000
     2.20000    170.00000
     2.60000    197.50000
     3.00000    131.25000
     3.40000    102.50000
     3.80000     88.75000
     4.20000     60.00000
     4.60000     48.75000
     5.00000     23.75000
     5.40000     10.00000
     5.80000      2.50000
     6.20000      2.50000
     6.60000      0.00000
     7.00000      0.00000
     7.40000      1.25000
     7.80000      0.00000
     8.20000      0.00000
     8.60000      0.00000
     9.00000      0.00000
     9.40000      0.00000
     9.80000      0.00000
