    -9.80000      0.02500
    -9.40000      0.02500
    -9.00000      0.10000
    -8.60000      0.22500
    -8.20000      0.20000
    -7.80000      0.52500
    -7.40000      1.10000
    -7.00000      2.87500
    -6.60000      7.72500
    -6.20000     12.67500
    -5.80000     25.12500
    -5.40000     43.52500
    -5.00000     68.60000
    -4.60000     99.14999
    -4.20000    130.79999
    -3.80000    166.47499
    -3.40000    199.09999
    -3.00000    241.87498
    -2.60000    273.72498
    -2.20000    306.32498
    -1.80000    331.94998
    -1.40000    339.84998
    -1.00000    331.14999
    -0.60000    320.42499
    -0.20000    308.69998
     0.20000    307.44998
     0.60000    318.92499
     1.00000    335.37497
     1.40000    337.14999
     1.80000    326.47498
     2.20000    305.29999
     2.60000    269.87497
     3.00000    238.29999
     3.40000    200.92499
     3.80000    164.70000
     4.20000    134.09999
     4.60000    100.57500
     5.00000     70.35000
     5.40000     43.62500
     5.80000     25.05000
     6.20000     13.27500
     6.60000      6.77500
     7.00000      2.97500
     7.40000      1.57500
     7.80000      0.47500
     8.20000      0.27500
     8.60000      0.07500
     9.00000      0.02500
     9.40000      0.00000
     9.80000      0.00000
 after hadron evolution
    -9.80000      0.00000
    -9.40000      0.05000
    -9.00000      0.10000
    -8.60000      0.10000
    -8.20000      0.40000
    -7.80000      0.72500
    -7.40000      1.72500
    -7.00000      3.32500
    -6.60000      8.57500
    -6.20000     14.80000
    -5.80000     30.47500
    -5.40000     56.97500
    -5.00000     97.92500
    -4.60000    142.99998
    -4.20000    200.22499
    -3.80000    264.59998
    -3.40000    327.49997
    -3.00000    396.52496
    -2.60000    455.94998
    -2.20000    514.84998
    -1.80000    551.92499
    -1.40000    583.02496
    -1.00000    599.37494
    -0.60000    597.44995
    -0.20000    587.09998
     0.20000    585.49994
     0.60000    583.47498
     1.00000    594.39996
     1.40000    577.74994
     1.80000    544.44995
     2.20000    503.32498
     2.60000    447.17499
     3.00000    388.97498
     3.40000    323.67499
     3.80000    261.59998
     4.20000    202.14999
     4.60000    144.57500
     5.00000     94.99999
     5.40000     56.22500
     5.80000     31.82500
     6.20000     15.57500
     6.60000      7.45000
     7.00000      3.55000
     7.40000      1.67500
     7.80000      0.85000
     8.20000      0.32500
     8.60000      0.17500
     9.00000      0.07500
     9.40000      0.05000
     9.80000      0.00000
