    -9.80000      0.02500
    -9.40000      0.02500
    -9.00000      0.00000
    -8.60000      0.12500
    -8.20000      0.10000
    -7.80000      0.22500
    -7.40000      0.50000
    -7.00000      1.05000
    -6.60000      2.85000
    -6.20000      4.70000
    -5.80000     10.27500
    -5.40000     18.52500
    -5.00000     28.77500
    -4.60000     44.22500
    -4.20000     59.09999
    -3.80000     77.39999
    -3.40000     92.52499
    -3.00000    117.27499
    -2.60000    131.72499
    -2.20000    151.09999
    -1.80000    160.59999
    -1.40000    168.49998
    -1.00000    160.57500
    -0.60000    156.42499
    -0.20000    152.47499
     0.20000    149.82500
     0.60000    155.37498
     1.00000    167.52499
     1.40000    166.62498
     1.80000    161.17499
     2.20000    147.14999
     2.60000    128.87498
     3.00000    113.24999
     3.40000     95.64999
     3.80000     74.97500
     4.20000     60.05000
     4.60000     44.07500
     5.00000     30.25000
     5.40000     18.10000
     5.80000     10.15000
     6.20000      5.07500
     6.60000      2.75000
     7.00000      1.25000
     7.40000      0.70000
     7.80000      0.25000
     8.20000      0.12500
     8.60000      0.05000
     9.00000      0.00000
     9.40000      0.00000
     9.80000      0.00000
 after hadron evolution
    -9.80000      0.00000
    -9.40000      0.02500
    -9.00000      0.02500
    -8.60000      0.02500
    -8.20000      0.20000
    -7.80000      0.20000
    -7.40000      0.62500
    -7.00000      1.07500
    -6.60000      2.90000
    -6.20000      5.52500
    -5.80000     12.15000
    -5.40000     23.85000
    -5.00000     41.50000
    -4.60000     64.24999
    -4.20000     92.82500
    -3.80000    123.57499
    -3.40000    155.45000
    -3.00000    191.27499
    -2.60000    218.79999
    -2.20000    254.57498
    -1.80000    270.19998
    -1.40000    286.39999
    -1.00000    295.49997
    -0.60000    296.69998
    -0.20000    288.54999
     0.20000    287.97498
     0.60000    284.94998
     1.00000    295.72498
     1.40000    284.72498
     1.80000    267.72498
     2.20000    241.17499
     2.60000    215.09999
     3.00000    187.69998
     3.40000    154.29999
     3.80000    122.05000
     4.20000     92.84999
     4.60000     63.02500
     5.00000     40.85000
     5.40000     22.60000
     5.80000     13.20000
     6.20000      6.62500
     6.60000      2.50000
     7.00000      1.45000
     7.40000      0.60000
     7.80000      0.32500
     8.20000      0.15000
     8.60000      0.05000
     9.00000      0.02500
     9.40000      0.02500
     9.80000      0.00000
