 after hadron evolution
     0.02500    180.69121
     0.07500    142.55266
     0.12500    134.42679
     0.17500    106.11882
     0.22500     92.52412
     0.27500     74.21485
     0.32500     63.35241
     0.37500     51.93405
     0.42500     40.43274
     0.47500     32.47940
     0.52500     30.84539
     0.57500     27.07995
     0.62500     19.52847
     0.67500     18.78119
     0.72500     15.25355
     0.77500     11.65603
     0.82500     11.20644
     0.87500      7.86903
     0.92500      6.54205
     0.97500      5.43832
     1.02500      4.47433
     1.07500      4.26405
     1.12500      3.94842
     1.17500      2.81275
     1.22500      2.26649
     1.27500      2.25868
     1.32500      1.26643
     1.37500      1.39042
     1.42500      1.19618
     1.47500      0.70753
     1.52500      0.89136
     1.57500      0.91665
     1.62500      0.80089
     1.67500      0.64506
     1.72500      0.31437
     1.77500      0.61752
     1.82500      0.21457
     1.87500      0.25285
     1.92500      0.24824
     1.97500      0.12160
     2.02500      0.07935
     2.07500      0.07790
     2.12500      0.07671
     2.17500      0.18714
     2.22500      0.11042
     2.27500      0.10853
     2.32500      0.07050
     2.37500      0.07003
