     0.02500    452.16339
     0.07500    421.21091
     0.12500    386.23843
     0.17500    328.53860
     0.22500    307.87753
     0.27500    279.13412
     0.32500    226.30214
     0.37500    200.26874
     0.42500    163.46617
     0.47500    140.41074
     0.52500    115.98824
     0.57500    102.24341
     0.62500     84.45621
     0.67500     65.58572
     0.72500     52.23847
     0.77500     45.42390
     0.82500     35.70209
     0.87500     25.73649
     0.92500     20.78318
     0.97500     19.41267
     1.02500     17.36014
     1.07500     12.35857
     1.12500      8.76877
     1.17500      9.29024
     1.22500      6.37543
     1.27500      6.65428
     1.32500      5.41275
     1.37500      3.62630
     1.42500      2.74558
     1.47500      2.84473
     1.52500      2.04366
     1.57500      1.98189
     1.62500      1.52586
     1.67500      1.04776
     1.72500      0.80320
     1.77500      1.20112
     1.82500      0.81619
     1.87500      0.74506
     1.92500      0.48362
     1.97500      0.23657
     2.02500      0.41621
     2.07500      0.31583
     2.12500      0.17559
     2.17500      0.21686
     2.22500      0.12688
     2.27500      0.12393
     2.32500      0.04022
     2.37500      0.15802
     2.42500      0.03912
     2.47500      0.07632
 after hadron evolution
     0.02500   4108.96826
     0.07500   2872.93237
     0.12500   2128.48926
     0.17500   1525.62805
     0.22500   1206.25476
     0.27500    891.84656
     0.32500    710.30536
     0.37500    541.25226
     0.42500    433.11908
     0.47500    333.58115
     0.52500    261.59479
     0.57500    214.05760
     0.62500    180.40242
     0.67500    142.29240
     0.72500    106.51368
     0.77500     95.50533
     0.82500     68.48969
     0.87500     54.53109
     0.92500     44.08463
     0.97500     38.54789
     1.02500     34.44105
     1.07500     25.10699
     1.12500     20.88587
     1.17500     20.00486
     1.22500     14.58525
     1.27500     13.24519
     1.32500     10.48448
     1.37500      7.73127
     1.42500      6.07348
     1.47500      5.88113
     1.52500      4.50675
     1.57500      4.25672
     1.62500      3.67991
     1.67500      2.31607
     1.72500      1.66101
     1.77500      2.13969
     1.82500      1.32669
     1.87500      1.43997
     1.92500      1.11420
     1.97500      0.71024
     2.02500      1.10988
     2.07500      0.90266
     2.12500      0.30878
     2.17500      0.56333
     2.22500      0.46448
     2.27500      0.37328
     2.32500      0.20249
     2.37500      0.43642
     2.42500      0.15539
     2.47500      0.11507
