    -9.80000      0.00000
    -9.40000      0.00000
    -9.00000      0.00000
    -8.60000      0.00000
    -8.20000      0.00000
    -7.80000      0.00000
    -7.40000      0.00000
    -7.00000      0.10000
    -6.60000      0.20000
    -6.20000      0.50000
    -5.80000      1.82500
    -5.40000      4.40000
    -5.00000      7.47500
    -4.60000     13.60000
    -4.20000     18.10000
    -3.80000     27.55000
    -3.40000     34.60000
    -3.00000     45.47500
    -2.60000     53.50000
    -2.20000     62.30000
    -1.80000     70.35000
    -1.40000     76.05000
    -1.00000     77.24999
    -0.60000     79.49999
    -0.20000     78.39999
     0.20000     77.47500
     0.60000     78.14999
     1.00000     79.97500
     1.40000     74.47500
     1.80000     70.57500
     2.20000     62.17500
     2.60000     54.60000
     3.00000     43.27500
     3.40000     35.22500
     3.80000     24.90000
     4.20000     20.87500
     4.60000     13.80000
     5.00000      8.40000
     5.40000      4.30000
     5.80000      1.42500
     6.20000      0.75000
     6.60000      0.10000
     7.00000      0.00000
     7.40000      0.00000
     7.80000      0.00000
     8.20000      0.00000
     8.60000      0.00000
     9.00000      0.00000
     9.40000      0.00000
     9.80000      0.00000
 after hadron evolution
    -9.80000      0.00000
    -9.40000      0.00000
    -9.00000      0.00000
    -8.60000      0.00000
    -8.20000      0.00000
    -7.80000      0.00000
    -7.40000      0.00000
    -7.00000      0.10000
    -6.60000      0.30000
    -6.20000      1.12500
    -5.80000      4.62500
    -5.40000     11.20000
    -5.00000     23.60000
    -4.60000     41.05000
    -4.20000     60.15000
    -3.80000     88.55000
    -3.40000    112.92500
    -3.00000    144.70000
    -2.60000    168.64999
    -2.20000    193.84999
    -1.80000    217.12498
    -1.40000    236.37498
    -1.00000    254.19998
    -0.60000    269.69998
    -0.20000    280.94998
     0.20000    276.19998
     0.60000    270.22498
     1.00000    253.07498
     1.40000    231.97499
     1.80000    213.39999
     2.20000    193.64999
     2.60000    167.27499
     3.00000    140.02499
     3.40000    112.59999
     3.80000     83.97500
     4.20000     63.62500
     4.60000     42.15000
     5.00000     24.05000
     5.40000     11.22500
     5.80000      3.60000
     6.20000      1.50000
     6.60000      0.32500
     7.00000      0.05000
     7.40000      0.00000
     7.80000      0.02500
     8.20000      0.00000
     8.60000      0.00000
     9.00000      0.00000
     9.40000      0.00000
     9.80000      0.00000
