    -9.80000      0.00000
    -9.40000      0.00000
    -9.00000      0.00000
    -8.60000      0.00000
    -8.20000      0.00000
    -7.80000      0.00000
    -7.40000      0.00000
    -7.00000      0.00000
    -6.60000      0.00000
    -6.20000      0.05000
    -5.80000      0.07500
    -5.40000      2.55000
    -5.00000      4.62500
    -4.60000      7.77500
    -4.20000     11.35000
    -3.80000     11.97500
    -3.40000     12.82500
    -3.00000     13.55000
    -2.60000     14.75000
    -2.20000     16.07500
    -1.80000     13.87500
    -1.40000     16.25000
    -1.00000     16.32500
    -0.60000     17.60000
    -0.20000     18.02500
     0.20000     18.07500
     0.60000     15.97500
     1.00000     16.52500
     1.40000     16.47500
     1.80000     15.60000
     2.20000     15.57500
     2.60000     13.75000
     3.00000     14.82500
     3.40000     13.65000
     3.80000     12.85000
     4.20000     10.65000
     4.60000      7.70000
     5.00000      4.42500
     5.40000      2.42500
     5.80000      0.22500
     6.20000      0.00000
     6.60000      0.00000
     7.00000      0.00000
     7.40000      0.00000
     7.80000      0.00000
     8.20000      0.00000
     8.60000      0.00000
     9.00000      0.00000
     9.40000      0.00000
     9.80000      0.00000
 after hadron evolution
    -9.80000      0.00000
    -9.40000      0.00000
    -9.00000      0.00000
    -8.60000      0.00000
    -8.20000      0.00000
    -7.80000      0.00000
    -7.40000      0.00000
    -7.00000      0.00000
    -6.60000      0.00000
    -6.20000      0.05000
    -5.80000      0.17500
    -5.40000      3.85000
    -5.00000      9.22500
    -4.60000     16.22500
    -4.20000     22.42500
    -3.80000     25.15000
    -3.40000     24.47500
    -3.00000     25.75000
    -2.60000     26.22500
    -2.20000     27.07500
    -1.80000     23.80000
    -1.40000     25.52500
    -1.00000     26.05000
    -0.60000     26.87500
    -0.20000     27.12500
     0.20000     26.82500
     0.60000     24.70000
     1.00000     24.87500
     1.40000     26.30000
     1.80000     25.40000
     2.20000     25.70000
     2.60000     24.70000
     3.00000     26.17500
     3.40000     25.55000
     3.80000     25.50000
     4.20000     22.57500
     4.60000     16.15000
     5.00000      8.92500
     5.40000      3.65000
     5.80000      0.32500
     6.20000      0.00000
     6.60000      0.00000
     7.00000      0.00000
     7.40000      0.00000
     7.80000      0.00000
     8.20000      0.00000
     8.60000      0.00000
     9.00000      0.00000
     9.40000      0.00000
     9.80000      0.00000
