    -9.80000      0.00000
    -9.40000      0.00000
    -9.00000      0.00000
    -8.60000      0.00000
    -8.20000      0.00000
    -7.80000      0.00000
    -7.40000      0.00000
    -7.00000      0.00000
    -6.60000      0.00000
    -6.20000      0.00000
    -5.80000      0.00000
    -5.40000      0.25000
    -5.00000      0.65000
    -4.60000      1.62500
    -4.20000      2.17500
    -3.80000      2.87500
    -3.40000      4.45000
    -3.00000      4.17500
    -2.60000      4.27500
    -2.20000      5.50000
    -1.80000      5.37500
    -1.40000      5.72500
    -1.00000      6.82500
    -0.60000      7.05000
    -0.20000      7.00000
     0.20000      7.82500
     0.60000      6.12500
     1.00000      6.02500
     1.40000      5.15000
     1.80000      5.45000
     2.20000      4.60000
     2.60000      3.97500
     3.00000      4.47500
     3.40000      3.65000
     3.80000      3.80000
     4.20000      2.37500
     4.60000      1.62500
     5.00000      1.00000
     5.40000      0.15000
     5.80000      0.00000
     6.20000      0.00000
     6.60000      0.00000
     7.00000      0.00000
     7.40000      0.00000
     7.80000      0.00000
     8.20000      0.00000
     8.60000      0.00000
     9.00000      0.00000
     9.40000      0.00000
     9.80000      0.00000
 after hadron evolution
    -9.80000      0.00000
    -9.40000      0.00000
    -9.00000      0.00000
    -8.60000      0.00000
    -8.20000      0.00000
    -7.80000      0.00000
    -7.40000      0.00000
    -7.00000      0.00000
    -6.60000      0.00000
    -6.20000      0.00000
    -5.80000      0.02500
    -5.40000      0.42500
    -5.00000      1.20000
    -4.60000      2.87500
    -4.20000      3.45000
    -3.80000      4.27500
    -3.40000      5.95000
    -3.00000      5.90000
    -2.60000      5.47500
    -2.20000      6.80000
    -1.80000      6.85000
    -1.40000      7.75000
    -1.00000      8.67500
    -0.60000      8.72500
    -0.20000      8.52500
     0.20000      9.05000
     0.60000      7.67500
     1.00000      7.67500
     1.40000      7.12500
     1.80000      6.62500
     2.20000      5.75000
     2.60000      5.02500
     3.00000      5.42500
     3.40000      5.15000
     3.80000      5.17500
     4.20000      3.37500
     4.60000      2.77500
     5.00000      1.77500
     5.40000      0.25000
     5.80000      0.00000
     6.20000      0.00000
     6.60000      0.00000
     7.00000      0.00000
     7.40000      0.00000
     7.80000      0.00000
     8.20000      0.00000
     8.60000      0.00000
     9.00000      0.00000
     9.40000      0.00000
     9.80000      0.00000
