    -9.80000      0.00000
    -9.40000      0.00000
    -9.00000      0.00000
    -8.60000      0.00000
    -8.20000      0.00000
    -7.80000      0.00000
    -7.40000      0.00000
    -7.00000      0.02500
    -6.60000      0.15000
    -6.20000      0.57500
    -5.80000      1.70000
    -5.40000      4.15000
    -5.00000      7.52500
    -4.60000     11.67500
    -4.20000     17.40000
    -3.80000     24.65000
    -3.40000     33.65000
    -3.00000     45.05000
    -2.60000     53.62500
    -2.20000     64.24999
    -1.80000     73.45000
    -1.40000     75.95000
    -1.00000     82.47500
    -0.60000     80.82500
    -0.20000     82.07500
     0.20000     81.45000
     0.60000     80.27499
     1.00000     82.74999
     1.40000     79.57500
     1.80000     73.42500
     2.20000     63.84999
     2.60000     53.80000
     3.00000     42.57500
     3.40000     32.17500
     3.80000     23.45000
     4.20000     17.77500
     4.60000     11.02500
     5.00000      7.92500
     5.40000      3.67500
     5.80000      1.77500
     6.20000      0.55000
     6.60000      0.15000
     7.00000      0.12500
     7.40000      0.02500
     7.80000      0.00000
     8.20000      0.00000
     8.60000      0.00000
     9.00000      0.00000
     9.40000      0.00000
     9.80000      0.00000
 after hadron evolution
    -9.80000      0.00000
    -9.40000      0.00000
    -9.00000      0.00000
    -8.60000      0.00000
    -8.20000      0.00000
    -7.80000      0.00000
    -7.40000      0.00000
    -7.00000      0.05000
    -6.60000      0.30000
    -6.20000      1.72500
    -5.80000      5.57500
    -5.40000     15.37500
    -5.00000     28.70000
    -4.60000     53.72500
    -4.20000     79.55000
    -3.80000    110.80000
    -3.40000    143.49998
    -3.00000    176.72499
    -2.60000    207.19998
    -2.20000    236.54999
    -1.80000    262.29999
    -1.40000    285.17499
    -1.00000    303.17499
    -0.60000    322.29999
    -0.20000    328.89999
     0.20000    327.27499
     0.60000    317.87497
     1.00000    307.54999
     1.40000    281.42499
     1.80000    258.77499
     2.20000    229.59999
     2.60000    209.69998
     3.00000    171.54999
     3.40000    142.49998
     3.80000    108.72499
     4.20000     78.77499
     4.60000     50.85000
     5.00000     30.70000
     5.40000     14.42500
     5.80000      5.92500
     6.20000      1.67500
     6.60000      0.37500
     7.00000      0.22500
     7.40000      0.02500
     7.80000      0.00000
     8.20000      0.00000
     8.60000      0.00000
     9.00000      0.00000
     9.40000      0.00000
     9.80000      0.00000
