    -9.80000      0.00000
    -9.40000      0.00000
    -9.00000      0.00000
    -8.60000      0.00000
    -8.20000      0.00000
    -7.80000      0.00000
    -7.40000      0.00000
    -7.00000      0.00000
    -6.60000      0.00000
    -6.20000      0.00000
    -5.80000      0.00000
    -5.40000      0.00000
    -5.00000      0.05000
    -4.60000      0.15000
    -4.20000      0.45000
    -3.80000      0.67500
    -3.40000      1.42500
    -3.00000      1.90000
    -2.60000      2.32500
    -2.20000      3.42500
    -1.80000      4.35000
    -1.40000      5.40000
    -1.00000      6.40000
    -0.60000      7.35000
    -0.20000      9.15000
     0.20000      8.85000
     0.60000      7.92500
     1.00000      6.72500
     1.40000      5.67500
     1.80000      4.82500
     2.20000      3.42500
     2.60000      2.47500
     3.00000      2.25000
     3.40000      1.32500
     3.80000      0.77500
     4.20000      0.45000
     4.60000      0.35000
     5.00000      0.05000
     5.40000      0.00000
     5.80000      0.00000
     6.20000      0.00000
     6.60000      0.00000
     7.00000      0.00000
     7.40000      0.00000
     7.80000      0.00000
     8.20000      0.00000
     8.60000      0.00000
     9.00000      0.00000
     9.40000      0.00000
     9.80000      0.00000
 after hadron evolution
    -9.80000      0.00000
    -9.40000      0.00000
    -9.00000      0.00000
    -8.60000      0.00000
    -8.20000      0.00000
    -7.80000      0.00000
    -7.40000      0.00000
    -7.00000      0.00000
    -6.60000      0.00000
    -6.20000      0.00000
    -5.80000      0.00000
    -5.40000      0.00000
    -5.00000      0.05000
    -4.60000      0.17500
    -4.20000      0.55000
    -3.80000      0.97500
    -3.40000      1.80000
    -3.00000      2.15000
    -2.60000      3.07500
    -2.20000      4.15000
    -1.80000      5.00000
    -1.40000      6.52500
    -1.00000      7.57500
    -0.60000      8.30000
    -0.20000      9.90000
     0.20000      9.82500
     0.60000      9.02500
     1.00000      7.87500
     1.40000      7.10000
     1.80000      5.55000
     2.20000      4.40000
     2.60000      3.12500
     3.00000      2.82500
     3.40000      1.82500
     3.80000      0.95000
     4.20000      0.57500
     4.60000      0.42500
     5.00000      0.10000
     5.40000      0.02500
     5.80000      0.00000
     6.20000      0.00000
     6.60000      0.00000
     7.00000      0.00000
     7.40000      0.00000
     7.80000      0.00000
     8.20000      0.00000
     8.60000      0.00000
     9.00000      0.00000
     9.40000      0.00000
     9.80000      0.00000
