    -9.80000      0.00000
    -9.40000      0.00000
    -9.00000      0.00000
    -8.60000      0.00000
    -8.20000      0.00000
    -7.80000      0.00000
    -7.40000      0.00000
    -7.00000      0.17500
    -6.60000      0.45000
    -6.20000      2.30000
    -5.80000      6.80000
    -5.40000     19.75000
    -5.00000     43.00000
    -4.60000     83.70000
    -4.20000    132.59999
    -3.80000    197.57498
    -3.40000    264.62497
    -3.00000    341.44998
    -2.60000    415.04999
    -2.20000    489.62497
    -1.80000    561.39996
    -1.40000    603.89996
    -1.00000    647.82495
    -0.60000    675.52496
    -0.20000    690.54999
     0.20000    692.04999
     0.60000    666.12494
     1.00000    641.39996
     1.40000    602.34998
     1.80000    547.22498
     2.20000    479.34998
     2.60000    407.49997
     3.00000    331.52499
     3.40000    258.17499
     3.80000    190.69998
     4.20000    132.74998
     4.60000     83.62499
     5.00000     46.05000
     5.40000     19.50000
     5.80000      7.07500
     6.20000      2.47500
     6.60000      0.37500
     7.00000      0.20000
     7.40000      0.02500
     7.80000      0.00000
     8.20000      0.00000
     8.60000      0.00000
     9.00000      0.00000
     9.40000      0.00000
     9.80000      0.00000
 after hadron evolution
    -9.80000      0.00000
    -9.40000      0.00000
    -9.00000      0.00000
    -8.60000      0.00000
    -8.20000      0.00000
    -7.80000      0.00000
    -7.40000      0.00000
    -7.00000      0.25000
    -6.60000      0.85000
    -6.20000      4.85000
    -5.80000     15.77500
    -5.40000     40.42500
    -5.00000     83.45000
    -4.60000    148.92499
    -4.20000    230.04999
    -3.80000    328.42499
    -3.40000    428.89996
    -3.00000    538.24994
    -2.60000    648.52496
    -2.20000    746.24994
    -1.80000    841.19995
    -1.40000    915.19995
    -1.00000    982.74994
    -0.60000   1043.72498
    -0.20000   1067.82495
     0.20000   1061.14990
     0.60000   1025.17493
     1.00000    980.02496
     1.40000    905.97498
     1.80000    821.92493
     2.20000    733.04993
     2.60000    641.09998
     3.00000    524.69995
     3.40000    424.97498
     3.80000    319.27499
     4.20000    228.97499
     4.60000    147.70000
     5.00000     85.92500
     5.40000     39.57500
     5.80000     16.12500
     6.20000      5.45000
     6.60000      0.97500
     7.00000      0.42500
     7.40000      0.02500
     7.80000      0.02500
     8.20000      0.00000
     8.60000      0.00000
     9.00000      0.00000
     9.40000      0.00000
     9.80000      0.00000
