    -9.80000      0.00000
    -9.40000      0.00000
    -9.00000      0.00000
    -8.60000      0.00000
    -8.20000      0.00000
    -7.80000      0.00000
    -7.40000      0.00000
    -7.00000      0.00000
    -6.60000      0.00000
    -6.20000      0.00000
    -5.80000      0.12500
    -5.40000      0.30000
    -5.00000      0.67500
    -4.60000      1.72500
    -4.20000      3.25000
    -3.80000      5.62500
    -3.40000      8.97500
    -3.00000     12.47500
    -2.60000     17.30000
    -2.20000     22.45000
    -1.80000     25.47500
    -1.40000     28.45000
    -1.00000     32.10000
    -0.60000     33.45000
    -0.20000     32.55000
     0.20000     33.72500
     0.60000     31.22500
     1.00000     31.42500
     1.40000     28.65000
     1.80000     25.47500
     2.20000     21.25000
     2.60000     17.35000
     3.00000     11.85000
     3.40000      9.00000
     3.80000      5.67500
     4.20000      3.55000
     4.60000      1.57500
     5.00000      0.67500
     5.40000      0.45000
     5.80000      0.02500
     6.20000      0.00000
     6.60000      0.00000
     7.00000      0.00000
     7.40000      0.00000
     7.80000      0.00000
     8.20000      0.00000
     8.60000      0.00000
     9.00000      0.00000
     9.40000      0.00000
     9.80000      0.00000
 after hadron evolution
    -9.80000      0.00000
    -9.40000      0.00000
    -9.00000      0.00000
    -8.60000      0.00000
    -8.20000      0.00000
    -7.80000      0.00000
    -7.40000      0.00000
    -7.00000      0.00000
    -6.60000      0.00000
    -6.20000      0.00000
    -5.80000      0.10000
    -5.40000      0.22500
    -5.00000      1.20000
    -4.60000      2.37500
    -4.20000      5.87500
    -3.80000      8.37500
    -3.40000     13.15000
    -3.00000     17.92500
    -2.60000     24.77500
    -2.20000     30.47500
    -1.80000     34.80000
    -1.40000     38.05000
    -1.00000     39.60000
    -0.60000     46.25000
    -0.20000     44.37500
     0.20000     44.02500
     0.60000     41.12500
     1.00000     40.85000
     1.40000     37.02500
     1.80000     33.87500
     2.20000     28.72500
     2.60000     23.87500
     3.00000     17.17500
     3.40000     13.55000
     3.80000      8.20000
     4.20000      4.97500
     4.60000      2.50000
     5.00000      1.05000
     5.40000      0.47500
     5.80000      0.00000
     6.20000      0.00000
     6.60000      0.00000
     7.00000      0.00000
     7.40000      0.00000
     7.80000      0.00000
     8.20000      0.00000
     8.60000      0.00000
     9.00000      0.00000
     9.40000      0.00000
     9.80000      0.00000
