    -9.80000      0.00000
    -9.40000      0.00000
    -9.00000      0.00000
    -8.60000      0.00000
    -8.20000      0.00000
    -7.80000      0.00000
    -7.40000      0.00000
    -7.00000      0.00000
    -6.60000      0.00000
    -6.20000      0.00000
    -5.80000      0.00000
    -5.40000      0.00000
    -5.00000      0.10000
    -4.60000      0.35000
    -4.20000      0.87500
    -3.80000      1.60000
    -3.40000      2.02500
    -3.00000      3.07500
    -2.60000      5.40000
    -2.20000      6.72500
    -1.80000      9.12500
    -1.40000      9.92500
    -1.00000     11.15000
    -0.60000     13.90000
    -0.20000     14.02500
     0.20000     14.15000
     0.60000     12.92500
     1.00000     11.55000
     1.40000      9.77500
     1.80000      8.50000
     2.20000      6.12500
     2.60000      5.60000
     3.00000      2.97500
     3.40000      2.12500
     3.80000      1.25000
     4.20000      0.85000
     4.60000      0.22500
     5.00000      0.07500
     5.40000      0.05000
     5.80000      0.00000
     6.20000      0.00000
     6.60000      0.00000
     7.00000      0.00000
     7.40000      0.00000
     7.80000      0.00000
     8.20000      0.00000
     8.60000      0.00000
     9.00000      0.00000
     9.40000      0.00000
     9.80000      0.00000
 after hadron evolution
    -9.80000      0.00000
    -9.40000      0.00000
    -9.00000      0.00000
    -8.60000      0.00000
    -8.20000      0.00000
    -7.80000      0.00000
    -7.40000      0.00000
    -7.00000      0.00000
    -6.60000      0.00000
    -6.20000      0.00000
    -5.80000      0.00000
    -5.40000      0.00000
    -5.00000      0.00000
    -4.60000      0.00000
    -4.20000      0.00000
    -3.80000      0.00000
    -3.40000      0.00000
    -3.00000      0.00000
    -2.60000      0.00000
    -2.20000      0.00000
    -1.80000      0.00000
    -1.40000      0.00000
    -1.00000      0.00000
    -0.60000      0.00000
    -0.20000      0.00000
     0.20000      0.00000
     0.60000      0.00000
     1.00000      0.00000
     1.40000      0.00000
     1.80000      0.00000
     2.20000      0.00000
     2.60000      0.00000
     3.00000      0.00000
     3.40000      0.00000
     3.80000      0.00000
     4.20000      0.00000
     4.60000      0.00000
     5.00000      0.00000
     5.40000      0.00000
     5.80000      0.00000
     6.20000      0.00000
     6.60000      0.00000
     7.00000      0.00000
     7.40000      0.00000
     7.80000      0.00000
     8.20000      0.00000
     8.60000      0.00000
     9.00000      0.00000
     9.40000      0.00000
     9.80000      0.00000
