    -9.80000      0.00000
    -9.40000      0.00000
    -9.00000      0.00000
    -8.60000      0.00000
    -8.20000      0.00000
    -7.80000      0.00000
    -7.40000      0.00000
    -7.00000      0.05000
    -6.60000      0.10000
    -6.20000      1.02500
    -5.80000      2.65000
    -5.40000      7.17500
    -5.00000     15.35000
    -4.60000     29.25000
    -4.20000     45.05000
    -3.80000     66.07500
    -3.40000     85.14999
    -3.00000    103.22499
    -2.60000    123.42500
    -2.20000    146.32500
    -1.80000    162.74998
    -1.40000    175.70000
    -1.00000    185.19998
    -0.60000    191.12498
    -0.20000    199.47499
     0.20000    196.52499
     0.60000    191.14999
     1.00000    188.94998
     1.40000    175.74998
     1.80000    161.37498
     2.20000    143.64999
     2.60000    122.64999
     3.00000    101.30000
     3.40000     82.07500
     3.80000     65.02499
     4.20000     46.22500
     4.60000     30.42500
     5.00000     16.92500
     5.40000      6.92500
     5.80000      3.12500
     6.20000      0.97500
     6.60000      0.12500
     7.00000      0.07500
     7.40000      0.00000
     7.80000      0.00000
     8.20000      0.00000
     8.60000      0.00000
     9.00000      0.00000
     9.40000      0.00000
     9.80000      0.00000
 after hadron evolution
    -9.80000      0.00000
    -9.40000      0.00000
    -9.00000      0.00000
    -8.60000      0.00000
    -8.20000      0.00000
    -7.80000      0.00000
    -7.40000      0.00000
    -7.00000      0.10000
    -6.60000      0.25000
    -6.20000      1.92500
    -5.80000      5.37500
    -5.40000     12.85000
    -5.00000     28.47500
    -4.60000     47.17500
    -4.20000     76.32500
    -3.80000    107.57500
    -3.40000    140.67499
    -3.00000    172.20000
    -2.60000    209.24998
    -2.20000    241.94998
    -1.80000    271.09998
    -1.40000    298.47498
    -1.00000    319.22498
    -0.60000    342.57498
    -0.20000    350.69998
     0.20000    346.67499
     0.60000    332.12497
     1.00000    317.92499
     1.40000    297.22498
     1.80000    264.87497
     2.20000    237.19998
     2.60000    203.97499
     3.00000    168.92499
     3.40000    138.02499
     3.80000    105.99999
     4.20000     73.57500
     4.60000     49.57500
     5.00000     27.82500
     5.40000     12.72500
     5.80000      6.40000
     6.20000      2.22500
     6.60000      0.27500
     7.00000      0.15000
     7.40000      0.00000
     7.80000      0.00000
     8.20000      0.00000
     8.60000      0.00000
     9.00000      0.00000
     9.40000      0.00000
     9.80000      0.00000
