    -9.80000      0.00000
    -9.40000      0.00000
    -9.00000      0.00000
    -8.60000      0.00000
    -8.20000      0.00000
    -7.80000      0.00000
    -7.40000      0.00000
    -7.00000      0.00000
    -6.60000      0.00000
    -6.20000      0.05000
    -5.80000      0.07500
    -5.40000      2.55000
    -5.00000      4.45000
    -4.60000      7.25000
    -4.20000     10.47500
    -3.80000     10.40000
    -3.40000     10.60000
    -3.00000     10.65000
    -2.60000     11.32500
    -2.20000     10.92500
    -1.80000      7.70000
    -1.40000      8.15000
    -1.00000      7.07500
    -0.60000      7.42500
    -0.20000      6.65000
     0.20000      5.82500
     0.60000      4.80000
     1.00000      6.45000
     1.40000      8.05000
     1.80000      9.00000
     2.20000     10.35000
     2.60000      9.55000
     3.00000     11.80000
     3.40000     11.15000
     3.80000     10.92500
     4.20000      9.65000
     4.60000      6.95000
     5.00000      4.22500
     5.40000      2.35000
     5.80000      0.22500
     6.20000      0.00000
     6.60000      0.00000
     7.00000      0.00000
     7.40000      0.00000
     7.80000      0.00000
     8.20000      0.00000
     8.60000      0.00000
     9.00000      0.00000
     9.40000      0.00000
     9.80000      0.00000
 after hadron evolution
    -9.80000      0.00000
    -9.40000      0.00000
    -9.00000      0.00000
    -8.60000      0.00000
    -8.20000      0.00000
    -7.80000      0.00000
    -7.40000      0.00000
    -7.00000      0.00000
    -6.60000      0.00000
    -6.20000      0.05000
    -5.80000      0.17500
    -5.40000      3.82500
    -5.00000      8.92500
    -4.60000     15.12500
    -4.20000     20.60000
    -3.80000     22.17500
    -3.40000     19.75000
    -3.00000     20.20000
    -2.60000     20.07500
    -2.20000     17.97500
    -1.80000     13.00000
    -1.40000     12.92500
    -1.00000     12.05000
    -0.60000     11.35000
    -0.20000     10.50000
     0.20000     10.22500
     0.60000      8.75000
     1.00000      9.77500
     1.40000     13.35000
     1.80000     14.32500
     2.20000     16.47500
     2.60000     17.07500
     3.00000     20.25000
     3.40000     20.87500
     3.80000     22.00000
     4.20000     20.47500
     4.60000     14.80000
     5.00000      8.45000
     5.40000      3.50000
     5.80000      0.27500
     6.20000      0.00000
     6.60000      0.00000
     7.00000      0.00000
     7.40000      0.00000
     7.80000      0.00000
     8.20000      0.00000
     8.60000      0.00000
     9.00000      0.00000
     9.40000      0.00000
     9.80000      0.00000
