    -9.80000      0.00000
    -9.40000      0.00000
    -9.00000      0.00000
    -8.60000      0.00000
    -8.20000      0.00000
    -7.80000      0.00000
    -7.40000      0.00000
    -7.00000      0.00000
    -6.60000      0.00000
    -6.20000      0.05000
    -5.80000      0.05000
    -5.40000      0.15000
    -5.00000      0.82500
    -4.60000      2.35000
    -4.20000      3.75000
    -3.80000      6.00000
    -3.40000      9.50000
    -3.00000     13.30000
    -2.60000     17.77500
    -2.20000     20.90000
    -1.80000     26.60000
    -1.40000     30.45000
    -1.00000     32.67500
    -0.60000     33.77500
    -0.20000     33.77500
     0.20000     35.10000
     0.60000     34.27500
     1.00000     32.12500
     1.40000     29.90000
     1.80000     24.90000
     2.20000     20.60000
     2.60000     16.72500
     3.00000     13.22500
     3.40000      9.35000
     3.80000      6.82500
     4.20000      4.05000
     4.60000      1.87500
     5.00000      1.27500
     5.40000      0.42500
     5.80000      0.00000
     6.20000      0.02500
     6.60000      0.00000
     7.00000      0.00000
     7.40000      0.00000
     7.80000      0.00000
     8.20000      0.00000
     8.60000      0.00000
     9.00000      0.00000
     9.40000      0.00000
     9.80000      0.00000
 after hadron evolution
    -9.80000      0.00000
    -9.40000      0.00000
    -9.00000      0.00000
    -8.60000      0.00000
    -8.20000      0.00000
    -7.80000      0.00000
    -7.40000      0.00000
    -7.00000      0.00000
    -6.60000      0.00000
    -6.20000      0.02500
    -5.80000      0.12500
    -5.40000      0.47500
    -5.00000      1.52500
    -4.60000      3.77500
    -4.20000      6.52500
    -3.80000      8.90000
    -3.40000     13.60000
    -3.00000     20.02500
    -2.60000     26.60000
    -2.20000     29.62500
    -1.80000     36.80000
    -1.40000     38.75000
    -1.00000     44.60000
    -0.60000     45.55000
    -0.20000     45.37500
     0.20000     45.65000
     0.60000     43.27500
     1.00000     43.17500
     1.40000     39.45000
     1.80000     35.55000
     2.20000     30.60000
     2.60000     25.10000
     3.00000     19.47500
     3.40000     12.90000
     3.80000      9.70000
     4.20000      6.20000
     4.60000      2.70000
     5.00000      1.65000
     5.40000      0.65000
     5.80000      0.17500
     6.20000      0.05000
     6.60000      0.00000
     7.00000      0.00000
     7.40000      0.00000
     7.80000      0.00000
     8.20000      0.00000
     8.60000      0.00000
     9.00000      0.00000
     9.40000      0.00000
     9.80000      0.00000
