    -9.80000      0.00000
    -9.40000      0.00000
    -9.00000      0.00000
    -8.60000      0.00000
    -8.20000      0.00000
    -7.80000      0.00000
    -7.40000      0.00000
    -7.00000      0.05000
    -6.60000      0.10000
    -6.20000      1.02500
    -5.80000      2.35000
    -5.40000      5.17500
    -5.00000      8.55000
    -4.60000     13.37500
    -4.20000     19.57500
    -3.80000     28.17500
    -3.40000     36.25000
    -3.00000     45.67500
    -2.60000     55.62500
    -2.20000     65.12499
    -1.80000     74.80000
    -1.40000     77.85000
    -1.00000     78.49999
    -0.60000     78.05000
    -0.20000     77.52499
     0.20000     75.47500
     0.60000     77.64999
     1.00000     80.14999
     1.40000     76.20000
     1.80000     72.82500
     2.20000     64.17500
     2.60000     52.25000
     3.00000     44.35000
     3.40000     34.90000
     3.80000     27.77500
     4.20000     19.57500
     4.60000     14.80000
     5.00000      9.77500
     5.40000      4.75000
     5.80000      2.90000
     6.20000      0.97500
     6.60000      0.12500
     7.00000      0.07500
     7.40000      0.00000
     7.80000      0.00000
     8.20000      0.00000
     8.60000      0.00000
     9.00000      0.00000
     9.40000      0.00000
     9.80000      0.00000
 after hadron evolution
    -9.80000      0.00000
    -9.40000      0.00000
    -9.00000      0.00000
    -8.60000      0.00000
    -8.20000      0.00000
    -7.80000      0.00000
    -7.40000      0.00000
    -7.00000      0.10000
    -6.60000      0.25000
    -6.20000      1.92500
    -5.80000      5.27500
    -5.40000     12.40000
    -5.00000     26.27500
    -4.60000     42.27500
    -4.20000     65.95000
    -3.80000     93.09999
    -3.40000    119.07499
    -3.00000    144.09999
    -2.60000    173.14999
    -2.20000    196.54999
    -1.80000    218.39999
    -1.40000    240.49998
    -1.00000    256.82498
    -0.60000    272.37497
    -0.20000    278.97498
     0.20000    275.99997
     0.60000    265.42499
     1.00000    253.79999
     1.40000    239.47499
     1.80000    213.09999
     2.20000    192.67499
     2.60000    167.24998
     3.00000    141.67499
     3.40000    116.12499
     3.80000     90.97499
     4.20000     64.30000
     4.60000     44.37500
     5.00000     25.72500
     5.40000     11.97500
     5.80000      6.35000
     6.20000      2.22500
     6.60000      0.27500
     7.00000      0.15000
     7.40000      0.00000
     7.80000      0.00000
     8.20000      0.00000
     8.60000      0.00000
     9.00000      0.00000
     9.40000      0.00000
     9.80000      0.00000
